150	72A	7R/36	66	54.5	86	74	38.4
150	76B	6R/38	66	54.5	90	79	39.8
150	80C	4R/40	66	54.5	95	85	41.2
150	84D	2R/42	66	54.5	100	91	42.6
150	88E	0R/44	66	54.5	105	98	44							
155	76A	7R/38	68	56	90	78	39.8
155	80B	6R/40	68	56	94	83	41.2
155	84C	4R/42	68	56	99	89	42.6
155	88D	2R/44	68	56	104	95	44
155	92E	0R/46	68	56	109	102	45.4
160	80A	7R/40	70	57.5	94	82	41.2
160	84B	6R/42	70  57.5	98	87	42.6
160	88C	4R/44	70  57.5	103	93	44
160	92D	2R/46	70  57.5	108	99	45.4
160	96E	0R/48	70  57.5	113	106	46.8
165	84A	7R/42	72	59	98	86	42.6
165	88B	6R/44	72  59	102	91	44
165	92C	4R/46	72  59	107	97	45.4
165	96D	2R/48	72  59	112	103	46.8
165	100E 0R/50	72	59	117	110	48.2						
170	88A	7R/44	74	60.5	102	90	44
170	92B	6R/46	74	60.5	106	95	45.4
170	96C	4R/48	74  60.5	111	101	46.8
170	100D 2R/50  74  60.5	116	107	48.2
170	104E 0R/52	74  60.5	121	114	49.6
175	92A	7R/46	76	62	106	94	45.4
175 96B	6R/48	76  62	110	99	46.8
175	100C 4R/50  76  62	115	105	48.2
175	104D 2R/52	76	62	120	111	49.6
175	108E 0R/54	76  62	125	118	51
180	96A	7R/48	78	63.5	110	98	46.8
180	100B 6R/50	78	63.5	114	103	48.2
180	104C 4R/52	78	63.5	119	109	49.6
180	108D 2R/54	78	63.5	124	115	51
180	112E 0R/56	78	63.5	129	122	52.4						
185	100A	7R/50	80	65	114	102	48.2
185	104B	6R/52	80  65	118	107	49.6
185	108C	4R/54	80	65	123	113	51
185	112D	2R/56	80	65	128	119	52.4
185	116E	0R/58	80	65	133	126	53.8
190	104A	7R/52	82	66.5	118	106	49.6
190	108B	6R/54	82  66.5	122	111	51
190	112C	4R/56	82	66.5	127	117	52.4
190	116D	2R/58	82	66.5	132	123	53.8
190	120E	0R/60	82	66.5	137	130	55.2						
195	108A	7R/54	84	68	122	110	51
195	112B	6R/56	84	68	126	115	52.4
195	116C	4R/58	84	68	131	121	53.8
195	120D	2R/60	84	68	136	127	55.2
195	124E	0R/62	84	68	141	134	56.6
200	112A	7R/56	86	69.5	126	114	52.4
200	116B	6R/58	86	69.5	130	119	53.8
200	120C	4R/60	86	69.5	135	125	55.2
200	124D	2R/62	86	69.5	140	131	56.6
200	128E	0R/64	86	69.5	145	138	58