70 71 88 28.3 19.9 18.4 22 19.9 35.8 90
72 73 90 28.9 20.2 18.7 22.3 20.2 36.2 90
74 75 92 29.5 20.5 19 22.6 20.5 36.6 90
76 77 94 30.1 20.8 19.3 22.9 20.8 37 90
78 79 96 30.7 21.1 19.6 23.2 21.1 37.4 90
80 81 98 31.3 21.4 19.9 23.5 21.4 37.8 90
82 83 100 31.9 21.7 20.2 23.8 21.7 38.2 90
84 85 102 32.5 22 20.5 24.1 22 38.6 90
86 87 104 33.1 22.3 20.8 24.4 22.3 39 90
88 89 106 33.7 22.6 21.1 24.7 22.6 39.4 90
90 91 108 34.3 22.9 21.4 25 22.9 39.8 88
92 93 110 34.9 23.2 21.7 25.3 23.2 40.2 88
94 95 112 35.5 23.5 22 25.8 23.7 40.8 88
96 97 114 36.1 23.8 22.3 26.3 24.2 41.4 88
98 99 116 36.7 24.1 22.6 26.8 24.7 42 88
100 101 118 37.3 24.4 22.9 27.3 25.2 42.6 88
102 103 120 37.9 24.7 23.2 27.8 25.7 43.2 88
104 105 122 38.5 25 23.5 28.3 26.2 43.8 88
106 107 124 39.1 25.3 23.8 28.8 26.7 44.4 88
108 109 126 39.7 25.6 24.1 29.3 27.2 45 88